version https://git-lfs.github.com/spec/v1
oid sha256:b8c8cae720f24ed88872e5ebafb0ef8ad2f48d153cc5e47b30d8b7d4d895d643
size 372
